1791384482.127249236 12636557 110910687937
1791384483.157300026 12640064 110910781321
1791384484.205523865 12640984 110910913941
1791384485.238834619 12642984 110910958834
1791384486.262921995 12644092 110911134405
1791384487.291771867 12645524 110911197881
1791384488.316708532 12647349 110911291535
1791384489.336531356 12648332 110911352526
1791384490.356888026 12649613 110911441515
1791384491.376947911 12650558 110911498359
1791384492.394002372 12652560 110911559306
1791384493.409932596 12653671 110911633544
1791384494.423952016 12654572 110911682018
1791384495.439809481 12655450 110911736540
1791384496.455623071 12656720 110911781028
1791384497.470309679 12657673 110911828063
1791384498.487027017 12658989 110911873374
1791384499.504618908 12660131 110911919800
1791384500.524423353 12661153 110911966298
1791384501.541875982 12857993 110912025905
1791384502.586095346 14311233 110912083424
1791384503.615272162 16371373 110912141325
1791384504.661766954 18369705 110913012046
1791384505.711356786 20175403 110914392208
1791384506.754321477 22107265 110916501405
1791384507.782832818 24160862 110918586692
1791384508.806092325 25859405 110920329842
1791384509.828305626 26704893 110922415582
1791384510.855618927 26708929 110924561061
1791384511.876046025 26713727 110926224902
1791384512.892196563 26714684 110928818157
1791384513.917045967 26721904 110931026445
1791384514.963472697 26722962 110933189380
1791384515.997546554 26726854 110935297222
1791384517.026083242 26728376 110936588948
1791384518.049849549 26729486 110937011042
1791384519.066979207 26730590 110937067578
1791384520.084602668 26731899 110937116367
1791384521.099756294 26733187 110937200315
1791384522.122493092 26734435 110937260354
1791384523.148074302 26735509 110937337486
1791384524.169647792 26736529 110937397950
1791384525.191618769 26737458 110937517871
1791384526.211937416 26742035 110937587274
1791384527.228204697 26743293 110937643509
1791384528.243120721 26744258 110937681298
1791384529.259715113 26745349 110937726204
1791384530.277801910 26746406 110937773520
1791384531.293609851 26747318 110937820880
1791384532.308948054 26748296 110937865770
1791384533.324635100 26749229 110937916675
1791384534.340088098 26750356 110937957148
1791384535.357087001 26751294 110938005589
1791384536.373607545 26752383 110938043894
1791384537.391466408 26753389 110938107390
1791384538.410993518 26754620 110938160177
1791384539.431679830 26755646 110938214806
1791384540.453080237 26756711 110938295747
1791384541.468340137 26758407 110938334958
1791384542.491926986 26759630 110938454818
1791384543.516005255 26760696 110938496871
1791384544.553729974 26761896 110938661919
1791384545.581779418 26763759 110938696994
1791384546.612062708 26769405 110938809141
1791384547.629751109 26770773 110938867859
1791384548.644582323 26773608 110938935697
1791384549.659836452 26774580 110938981032
1791384550.674945509 26775512 110939026041
1791384551.692585263 26776371 110939073666
1791384552.706892749 26777809 110939123078
1791384553.723672107 26778693 110939175410
1791384554.739327682 26779648 110939216302
1791384555.753006006 26780521 110939257514
1791384556.766957697 26781357 110939300318
1791384557.782483758 26782440 110939348879
1791384558.798591345 26783482 110939392893
1791384559.814743154 26785386 110939439617
1791384560.833713364 26786403 110939481058
1791384561.848365763 26787490 110939525422
1791384562.870930541 26788554 110939601312
1791384563.888125018 26789786 110939623121
1791384564.902169709 26790799 110939686206
1791384565.920680398 26791793 110939708827
1791384566.936680122 27873834 110939783003
1791384567.953605447 29893233 110939808795
1791384568.979142295 31907874 110940547780
1791384570.022257259 33546045 110941650752
1791384571.038737939 35455465 110943729272
1791384572.061068545 37470778 110945775223
1791384573.087084647 39255472 110947732835
1791384574.102796081 39260320 110949795477
1791384575.118024989 39261580 110951837242
1791384576.134354309 39268283 110954072994
1791384577.150792492 39269737 110956531228
1791384578.166324660 39270814 110958589029
1791384579.185790174 39271745 110960657991
1791384580.202605427 39272761 110961833374
1791384581.217466499 39273797 110962133968
1791384582.233338195 39274825 110962178509
1791384583.251373057 39275705 110962223395
1791384584.276375199 39277100 110962265863
1791384585.294568009 39278341 110962320701
1791384586.311933772 39279271 110962359851
1791384587.328628142 39280475 110962416825
1791384588.347431179 39281406 110962457319
1791384589.369337983 39282317 110962483245
1791384590.382882133 39283300 110962556597
1791384591.398346461 39284261 110962582559
1791384592.415076889 39285114 110962647146
1791384593.430334242 39286195 110962673536
1791384594.443935767 39287113 110962734816
1791384595.462447043 39288117 110962761934
1791384596.478905367 39289097 110962824057
1791384597.494601450 39290191 110962873086
1791384598.508356068 39291202 110962924425
1791384599.523543909 39292100 110962967132
1791384600.559104918 39293351 110963031440
1791384601.584744294 39295942 110963104695
1791384602.626519969 39297846 110963259185
1791384603.678563820 39300946 110963386268
1791384604.706278674 39303559 110963554113
1791384605.741019870 39304993 110963593297
1791384606.774923798 39306870 110963716787
1791384607.820494452 39308314 110963782148
1791384608.865840243 39311640 110963890646
1791384609.898809533 39313566 110963961800
1791384610.923217757 39314890 110964045584
1791384611.943795016 39316369 110964085337
1791384612.959575373 39317321 110964141152
1791384613.976592693 39318131 110964185515
1791384614.995710372 39319032 110964234562
1791384616.013154484 39320496 110964274420
1791384617.031926024 39321463 110964327359
1791384618.048300509 39322534 110964381314
1791384619.065978497 39323476 110964437926
1791384620.085773520 39324805 110964495447
1791384621.100463714 39325688 110964550511
1791384622.118477244 39326990 110964602519
1791384623.135405637 39327924 110964655620
1791384624.153556627 39328951 110964694227
1791384625.170653367 39329903 110964745196
1791384626.187628981 39331055 110964783320
1791384627.202938439 39332010 110964850615
1791384628.218447445 39333168 110964890088
1791384629.233100701 39334072 110964942867
1791384630.249578429 39335094 110964986426
1791384631.264245338 39336154 110965040561
1791384632.281324722 39337299 110965084379
1791384633.297545318 39338384 110965132204
1791384634.313100511 39339429 110965193489
1791384635.327289755 39340444 110965221174
1791384636.343733418 39341265 110965279994
1791384637.359442006 39342409 110965315551
1791384638.375871740 39343344 110965398103
1791384639.401832584 39344596 110965425888
1791384640.425890437 39345585 110965508190
1791384641.441023915 39346577 110965539877
1791384642.460618416 39347536 110965613256
1791384643.479958429 39348766 110965647923
1791384644.497344336 39350254 110965721257
1791384645.514795325 39351520 110965768872
1791384646.530587527 39352589 110965821148
1791384647.549537459 39353472 110965873234
1791384648.567455334 39354656 110965915923
1791384649.584558391 39355589 110965961184
1791384650.599376937 39356657 110966010201
1791384651.616060514 39358021 110966051966
1791384652.631656046 39359099 110966102992
1791384653.650386164 39360213 110966146992
1791384654.668205002 39361259 110966199815
1791384655.685420147 39362077 110966250527
1791384656.716421709 39363846 110966313221
1791384657.732079466 39364772 110966352230
1791384658.747332909 39365873 110966427024
1791384659.765480044 39366924 110966449778
1791384660.794984742 39368118 110966608892
1791384661.815903161 39370227 110966643935
1791384662.840562456 39371883 110966876844
1791384663.871586145 39376435 110966905438
1791384664.899060604 39377575 110967014628
1791384665.949770699 39383966 110967088856
1791384666.978724424 39385593 110967189374
1791384667.999741192 39386694 110967271405
1791384669.021019778 39387733 110967350210
1791384670.046546004 39389051 110967396604
1791384671.071965658 39390743 110967458446
1791384672.095451823 39391979 110967521235
1791384673.113415065 39393191 110967600351
1791384674.132397228 39394700 110967645877
1791384675.148423111 39395744 110967702947
1791384676.164182947 39396930 110967745262
1791384677.183084121 39398161 110967802695
1791384678.199464926 39399436 110967847354
1791384679.215874415 39400584 110967896994
1791384680.231351059 39401573 110967935968
1791384681.249931968 39402460 110967988710
1791384682.267474623 39403524 110968042633
1791384683.286952805 39406299 110968107269
1791384684.306610483 39407467 110968159419
1791384685.322035276 39408386 110968212201
1791384686.338819662 40281595 110968286013
1791384687.361991450 42188721 110968342075
1791384688.380141024 44181479 110969066286
1791384689.397106358 45985443 110970258139
1791384690.418120756 47895400 110972298922
1791384691.436807382 49919287 110974333613
1791384692.454748129 51731418 110976227295
1791384693.472193400 51745532 110978276730
1791384694.492083475 51747238 110980221079
1791384695.513571725 51749382 110982824055
1791384696.533093505 51750362 110985020907
1791384697.559095242 51751546 110987093711
1791384698.581319678 52184877 110989146032
1791384699.608280213 53878373 110990403597
1791384700.623729620 55899942 110990821145
1791384701.647856132 57866556 110990878090
1791384702.667300205 59623428 110991212049
1791384703.689804599 61608908 110992316212
1791384704.721686036 63474290 110994384329
1791384705.738437252 64001118 110996217420
1791384706.753524147 64002265 110998285840
1791384707.770049821 64003547 111000220570
1791384708.785503499 64004321 111002566664
1791384709.817069168 64005278 111004667769
1791384710.835647066 64006468 111006707032
1791384711.851448891 64007285 111008781945
1791384712.868874643 64008229 111010835273
1791384713.885804195 64009306 111012052277
1791384714.901251968 64010413 111012533727
1791384715.917157383 64011677 111012578328
1791384716.930877889 64012742 111012618396
1791384717.946237593 64013724 111012668666
1791384718.961581651 64014895 111012716084
1791384719.976158474 64015693 111012758785
1791384720.994118767 64016779 111012806300
1791384722.017024282 64017884 111012862822
1791384723.039112053 64019942 111012963731
1791384724.078038288 64021688 111012992877
1791384725.095430921 64022718 111013091055
1791384726.115210094 64023778 111013111385
1791384727.129408135 64024631 111013183744
1791384728.144027500 64025518 111013202604
1791384729.157465112 64026296 111013258551
1791384730.171214087 64027275 111013278999
1791384731.187778440 64033029 111013376649
1791384732.207058260 64034103 111013425791
1791384733.223950761 64035535 111013475541
1791384734.242118224 64036578 111013522228
1791384735.259183089 64037882 111013570373
1791384736.274958205 64038911 111013609803
1791384737.292004173 64218206 111013665874
1791384738.309501127 65715084 111013713765
1791384739.326529441 67716133 111014000171
1791384740.343035545 69680208 111014996529
1791384741.367789111 71442851 111016895182
1791384742.390973993 73461184 111018941710
1791384743.410025244 75435992 111020886063
1791384744.434573833 76056121 111022937506
1791384745.450730299 76056952 111025001487
1791384746.465207242 76057925 111026990468
1791384747.483124347 76058970 111029646968
1791384748.500267756 76060557 111031611579
1791384749.519347795 76061580 111033671132
1791384750.539315498 76062648 111035563881
1791384751.554887618 76063763 111036359625
1791384752.573751418 76064774 111036431205
1791384753.594176403 76065671 111036462212
1791384754.611817148 76067123 111036522993
1791384755.630002442 76068306 111036567490
1791384756.645342183 76069355 111036609729
1791384757.661782596 76070417 111036659843
1791384758.678174395 76071494 111036705584
1791384759.698524348 76073179 111036756433
1791384760.715113970 76074173 111036811533
1791384761.733932188 76075255 111036860836
1791384762.750196765 76076254 111036910030
1791384763.768006101 76077293 111036958445
1791384764.783568710 76078107 111037019675
1791384765.797760010 76079175 111037044642
1791384766.813465126 76080194 111037101903
1791384767.830964147 76081238 111037135373
1791384768.846247348 76082176 111037197034
1791384769.864593910 76083062 111037239993
1791384770.880044663 76084133 111037278019
1791384771.893916236 76084928 111037316495
1791384772.907819878 76085702 111037360852
1791384773.923859685 76086685 111037402154
1791384774.939114456 76087540 111037446366
1791384775.953944868 76088415 111037487567
1791384776.969600785 76089681 111037528966
1791384777.984723164 76090659 111037578756
1791384778.999089346 76091591 111037624229
1791384780.023118216 76092598 111037668734
1791384781.040788697 76093574 111037732151
1791384782.059672171 76094545 111037779935
1791384783.084652794 76095759 111037835012
1791384784.110056567 76096789 111037888988
1791384785.127067443 76096789 111037917203
1791384786.144655817 76098675 111037975987
1791384787.162251082 76100236 111038066666
1791384788.179509585 76101169 111038088998
1791384789.196446991 76102060 111038156532
1791384790.214052215 76103025 111038180360
1791384791.230930475 76104099 111038249025
1791384792.246866667 76105096 111038278713
1791384793.263165948 76106203 111038339869
1791384794.279482501 76107213 111038365482
1791384795.299875002 76108107 111038429863
1791384796.326043464 76109510 111038475928
1791384797.343271665 76110566 111038533195
1791384798.362515245 76111382 111038593353
1791384799.379892510 76112302 111038638133
1791384800.394494667 76113367 111038675766
1791384801.409741889 76114301 111038719933
1791384802.425003699 76115475 111038759303
1791384803.441019272 76116584 111038805937
1791384804.455569744 76117579 111038842992
1791384805.469029335 76118555 111038892712
1791384806.483554515 76119504 111038931484
1791384807.498662541 76120545 111038983479
1791384808.513644049 76121570 111039027424
1791384809.530958977 76122518 111039071545
1791384810.548746762 76123724 111039113838
1791384811.564055404 76124622 111039160286
1791384812.580098787 76125569 111039203951
1791384813.599615653 76126757 111039251436
1791384814.621528090 76127988 111039289078
1791384815.641625781 76128954 111039340113
1791384816.658667163 76129930 111039377852
1791384817.673326030 76131030 111039435051
1791384818.691177653 76131969 111039476544
1791384819.705756765 76133520 111039524772
1791384820.720386186 76134397 111039564937
1791384821.735449386 76135296 111039612748
1791384822.749046089 76136211 111039672183
1791384823.764555591 76137400 111039700702
1791384824.780623343 76138239 111039756669
1791384825.793440413 76139048 111039784048
1791384826.807331803 76945796 111039845120
1791384827.822280343 78920946 111039872044
1791384828.838681856 80920761 111040677302
1791384829.856871983 82595034 111042342130
1791384830.872040229 84604642 111044237225
1791384831.892270440 86627901 111046265880
1791384832.911170991 87611372 111048222137
1791384833.926635893 87612410 111050202324
1791384834.941698932 87613352 111052618077
1791384835.958170726 87614171 111054687820
1791384836.973378813 87614973 111056669897
1791384837.987877932 87616336 111058754641
1791384839.002269352 87617173 111060374854
1791384840.029498285 87618192 111061161488
1791384841.051965705 87619496 111061222931
1791384842.071063286 87620554 111061283941
1791384843.088697024 87621861 111061344790
1791384844.114389676 87623865 111061403453
1791384845.135425516 87624903 111061491661
1791384846.154198230 87626054 111061559152
1791384847.172472058 87627173 111061649992
1791384848.187882255 87803809 111061670655
1791384849.208665912 89294694 111061760704
1791384850.225803050 91281567 111062467980
1791384851.243450232 93224860 111063681954
1791384852.258549877 94994258 111065699810
1791384853.278570822 97003305 111067600507
1791384854.305485622 98911857 111069541592
1791384855.333596539 99968591 111071469375
1791384856.348587354 99969765 111073926034
1791384857.365301074 99970722 111076044868
1791384858.380940797 99971633 111077996157
1791384859.397675146 99972555 111080073477
1791384860.414093870 99973573 111082136782
1791384861.430578468 99974544 111083371994
1791384862.454160280 99975621 111084148162
1791384863.480714450 99976668 111084280417
1791384864.497455021 99977742 111084331586
1791384865.515572048 99979052 111084381951
1791384866.532513740 99980170 111084432613
1791384867.549626912 99981043 111084488852
1791384868.569178551 99982002 111084562160
1791384869.586460570 99983148 111084590353
1791384870.618921133 99984411 111084668011
1791384871.637422866 99985817 111084728928
1791384872.653238804 99986671 111084778489
1791384873.672708799 100232764 111084844866
1791384874.688773364 101562136 111084881802
1791384875.706984079 103567877 111085728937
1791384876.723018917 105564971 111086991868
1791384877.738401535 107249716 111089041480
1791384878.761072957 109239241 111091111461
1791384879.787178811 111240173 111093070137
1791384880.805320305 112170623 111095158319
1791384881.821790972 112171985 111097075596
1791384882.866452670 112173008 111099901726
1791384883.905366475 112175642 111101997621
1791384884.933150030 112176673 111104142405
1791384885.948669940 112177621 111106152430
1791384886.967006731 112179414 111107096828
1791384887.985368203 112180349 111107127189
1791384889.003360512 112181202 111107195745
1791384890.021384145 112182283 111107240595
1791384891.036104689 112183742 111107280855
1791384892.052733022 112184632 111107322142
1791384893.067266182 112185523 111107368908
1791384894.081227564 112186421 111107413950
1791384895.096495630 112187430 111107457040
1791384896.111058875 112188208 111107499644
1791384897.125299309 112189444 111107573024
1791384898.141295337 112190361 111107594655
1791384899.154321737 112191313 111107661283
1791384900.183819828 112192398 111107692215
1791384901.209402181 112195776 111107754749
1791384902.228286761 112197073 111107862917
1791384903.270931546 112198233 111108009982
1791384904.312646034 112200475 111108094522
1791384905.341208335 112203152 111108186512
1791384906.371203790 112204484 111108266704
1791384907.391334544 112206893 111108355782
1791384908.424985343 112209796 111108426756
1791384909.451537924 112210824 111108581080
1791384910.480272126 112213862 111108713608
1791384911.497841383 112214971 111108832206
1791384912.514781017 112215805 111108894514
1791384913.534039860 112216937 111108956336
1791384914.557887144 112217804 111109001995
1791384915.583329875 112219041 111109111440
1791384916.605210982 112220366 111109160231
1791384917.625095728 112221677 111109220179
1791384918.649714145 112225277 111109302252
1791384919.669458594 112226510 111109346667
1791384920.687263567 112228274 111109421589
1791384921.705508425 112230032 111109450672
1791384922.723262279 112231154 111109535201
1791384923.740712997 112232365 111109564137
1791384924.759792998 112233484 111109644900
1791384925.779611242 112234643 111109673519
1791384926.799232423 112235591 111109762216
1791384927.816242113 113339676 111109796634
1791384928.833711015 115285695 111110647029
1791384929.867994471 117328992 111110751064
1791384930.897535709 119065403 111111454714
1791384931.918244462 121052830 111113510262
1791384932.937405749 123023041 111115406954
1791384933.966819085 124698326 111117345325
1791384934.985306987 124936585 111119402174
1791384936.002508944 124937519 111121588635
1791384937.026833069 124938924 111123912224
1791384938.045822025 124939864 111125987154
1791384939.065188380 124940734 111128018231
1791384940.083008605 124941957 111130123095
1791384941.099364114 124942931 111131829832
1791384942.115571184 124943873 111131985434
1791384943.131418068 124944704 111132450775
1791384944.148221085 124945788 111132690258
1791384945.164765368 124947087 111132912427
1791384946.180446046 124948271 111132934180
1791384947.200800331 124949319 111133008820
1791384948.217273604 124950211 111133031243
1791384949.232721908 124951675 111133105140
1791384950.248496354 124952960 111133127332
1791384951.264707535 124953935 111133206674
1791384952.279349714 124954859 111133234636
1791384953.298854941 124955800 111133298525
1791384954.316728981 124956871 111133320713
1791384955.333830262 124957812 111133405013
1791384956.349154241 124958783 111133425246
1791384957.364820197 124959720 111133497778
1791384958.379181440 124960700 111133521901
1791384959.394218052 124961660 111133590873
1791384960.441397841 124962881 111133657329
1791384961.468085075 124964469 111133793129
1791384962.489843711 124965615 111133841346
1791384963.506035739 124966543 111133904138
1791384964.523205809 124967681 111133952249
1791384965.541936822 124968746 111134019161
1791384966.565260286 124969771 111134066107
1791384967.581502574 124972658 111134125418
1791384968.597533435 124973699 111134162963
1791384969.616322716 124974889 111134221242
1791384970.633936649 124975862 111134263655
1791384971.649441143 124976861 111134311250
1791384972.664674802 124977789 111134356082
1791384973.681558921 124978872 111134411219
1791384974.697564633 124981140 111134452046
1791384975.712543803 124982206 111134499403
1791384976.726795099 124983114 111134534358
1791384977.744719358 124984074 111134588825
1791384978.761631424 124985154 111134624926
1791384979.777782886 124986204 111134677071
1791384980.793733613 124987279 111134716025
1791384981.812123121 124988400 111134772886
1791384982.828930535 124989593 111134834870
1791384983.846487716 124990605 111134892357
1791384984.866329523 124991689 111134945630
1791384985.886060469 124993873 111134997383
1791384986.910915426 124995103 111135059992
1791384987.927413519 124996253 111135100926
1791384988.943252639 124997295 111135188979
1791384989.958474790 124998380 111135218752
1791384990.974515528 124999437 111135283556
1791384991.990865064 125000602 111135307294
1791384993.006941588 125001781 111135374465
1791384994.021203246 125002753 111135402633
1791384995.037440121 125003873 111135465254
1791384996.052263148 125004755 111135489573
1791384997.069117613 125005920 111135566454
1791384998.101684808 125006882 111135599423
1791384999.133461022 125007936 111135672906
1791385000.149296427 125009524 111135732405
1791385001.165384365 125010595 111135776099
1791385002.180251679 125011815 111135821860
1791385003.194848758 125012575 111135864732
1791385004.209266916 125013492 111135911591
1791385005.223452584 125014543 111135954938
1791385006.238469659 125015542 111135995087
1791385007.255422714 125016610 111136041733
1791385008.271533028 125017940 111136094799
1791385009.289719756 125019198 111136138946
1791385010.306400472 125020493 111136186005
1791385011.324686710 125021558 111136257007
1791385012.340306077 125022934 111136288644
1791385013.359482763 125024129 111136359070
1791385014.375907648 125025204 111136380365
1791385015.396787629 125026165 111136448125
1791385016.416101723 125027436 111136470893
1791385017.434592532 125028676 111136543732
1791385018.450908303 125031804 111136576231
1791385019.469363730 125033038 111136652004
1791385020.489520282 125034346 111136704520
1791385021.510469870 125035601 111136836049
1791385022.531007741 125036527 111136895865
1791385023.548914967 125037588 111136946832
1791385024.564248162 125038664 111136988719
1791385025.578968680 125039775 111137044623
1791385026.595262379 125040779 111137080546
1791385027.612920026 125041788 111137137490
1791385028.633419789 125042845 111137198057
1791385029.651868763 125043985 111137272109
1791385030.669340227 125045713 111137313853
1791385031.685388235 125046807 111137365444
1791385032.701223125 125048492 111137410379
1791385033.719999364 125049423 111137466131
1791385034.744792688 125050377 111137507243
1791385035.759825282 125051460 111137555915
1791385036.777413978 125052685 111137593527
1791385037.793780236 125054423 111137654374
1791385038.809488522 125055410 111137696872
1791385039.829004342 125056530 111137748284
1791385040.844392473 125057604 111137786290
1791385041.862339582 125058684 111137848657
1791385042.893159313 125059657 111137894326
1791385043.910262527 125060669 111137949062
1791385044.927214657 125061863 111137989220
1791385045.945874665 125062971 111138040305
1791385046.962121019 125063777 111138099801
1791385047.977225649 125064950 111138133075
1791385048.990925299 125066013 111138195327
1791385050.007941608 125066869 111138229245
1791385051.023396548 125068125 111138296283
1791385052.037733289 125069094 111138319127
1791385053.053167877 125070058 111138381630
1791385054.069445958 125071023 111138408664
1791385055.084176830 125072127 111138465916
1791385056.100477996 125073073 111138492240
1791385057.116265932 125074092 111138558100
1791385058.132004511 125075169 111138587046
1791385059.148786381 125076337 111138667158
1791385060.164415784 125077653 111138712210
1791385061.177857461 125078600 111138756625
1791385062.192907707 125079868 111138805774
1791385063.208529671 125080977 111138848653
1791385064.222984472 125082024 111138896775
1791385065.237336335 125083055 111138940708
1791385066.252453023 125084129 111138984623
1791385067.267829485 125085084 111139027964
1791385068.285918408 125086298 111139070992
1791385069.304395329 125087208 111139112227
1791385070.318544276 125088664 111139157124
1791385071.333379082 125089605 111139201650
1791385072.347947562 125090758 111139249445
1791385073.363997056 125091612 111139314979
1791385074.379358219 125092493 111139335742
1791385075.394630629 125093315 111139399538
1791385076.409815460 125094480 111139419145
1791385077.425339312 125095513 111139489727
1791385078.439814340 125096587 111139515755
1791385079.454002186 125097561 111139583472
1791385080.481633274 125098650 111139619228
1791385081.507020691 125099827 111139695068
1791385082.530314948 125101281 111139725150
1791385083.553862551 125102561 111139822239
1791385084.576397366 125104875 111139897227
1791385085.601613664 125105932 111140011090
1791385086.626683132 125107218 111140070202
1791385087.650920812 125108251 111140125459
1791385088.667119340 125109336 111140162121
1791385089.684669798 125110622 111140210271
1791385090.701726732 125112677 111140251652
1791385091.716312814 125113457 111140301149
1791385092.732473605 125114569 111140344780
