1791382045.234170453 18468680420 110109813174
1791382046.251892638 18469683457 110111843940
1791382047.267089988 18470701492 110113902425
1791382048.287441540 18471713024 110115829402
1791382049.305645809 18472643361 110117834550
1791382050.354565037 18473639605 110119967651
1791382051.388144328 18474673383 110121942540
1791382052.403905349 18475682599 110124014919
1791382053.418001003 18476671109 110125919719
1791382054.432996902 18477680076 110126332876
1791382055.448272103 18478694573 110126849776
1791382056.463226188 18478947522 110127092877
1791382057.478165300 18478948334 110127124767
1791382058.494205968 18478949460 110127185709
1791382059.510005366 18478950564 110127210882
1791382060.525939415 18478951552 110127268826
1791382061.540985914 18478952505 110127310884
1791382062.555168969 18478953459 110127360217
1791382063.568796960 18478954278 110127406671
1791382064.583581107 18478955244 110127450428
1791382065.597670868 18478956122 110127488656
1791382066.611693761 18478957293 110127533152
1791382067.626360062 18478958250 110127579203
1791382068.641617886 18478958892 110127624459
1791382069.656707583 18478959675 110127666402
1791382070.670901371 18478960439 110127728686
1791382071.685312600 18478961375 110127777065
1791382072.703933435 18478962184 110127848163
1791382073.726873475 18478963125 110127870898
1791382074.741781178 18478963973 110127941323
1791382075.759497995 18478964984 110127981033
1791382076.774997533 18478965853 110128033090
1791382077.789982794 18478967117 110128080005
1791382078.807671123 18478968479 110128136944
1791382079.822451202 18478969341 110128181098
1791382080.859285006 18478970095 110128379607
1791382081.881920388 18478971654 110128445633
1791382082.899666081 18478972632 110128526131
1791382083.920481970 18478973526 110128569468
1791382084.940802511 18478974551 110128619112
1791382085.958847114 18478975452 110128655668
1791382086.974156467 18478976620 110128703548
1791382087.989593864 18478977851 110128747574
1791382089.003743552 18478978712 110128794152
1791382090.028298701 18478979558 110128841024
1791382091.043629000 18478980799 110128894683
1791382092.056812785 18478981678 110128939232
1791382093.072073191 18478982764 110128986343
1791382094.089800887 18478983552 110129026557
1791382095.107099924 18478985389 110129075457
1791382096.122588331 18478986217 110129114757
1791382097.138615647 18478987387 110129165593
1791382098.152275752 18478988005 110129201837
1791382099.166308313 18478988842 110129250909
1791382100.181945388 18478989870 110129288410
1791382101.195718394 18478990796 110129337485
1791382102.215432502 18478991625 110129404344
1791382103.231643900 18478992692 110129430819
1791382104.246369139 18478993537 110129488530
1791382105.259825098 18478994376 110129513618
1791382106.275053327 18478995414 110129572806
1791382107.288979334 18478996386 110129602884
1791382108.303821133 18478997242 110129664543
1791382109.318808798 18478998117 110129688661
1791382110.334343412 18478998940 110129750264
1791382111.348244591 18478999874 110129788545
1791382112.362911535 18479000784 110129850560
1791382113.377565973 18479001577 110129874401
1791382114.391194307 18479002488 110129932878
1791382115.404294061 18479003394 110129958269
1791382116.419627960 18479004227 110130014004
1791382117.435263436 18479005103 110130059393
1791382118.451286978 18479006000 110130101058
1791382119.466206864 18479006772 110130143463
1791382120.480215149 18479007758 110130187740
1791382121.494717406 18479008697 110130227442
1791382122.510402246 18479009685 110130281400
1791382123.525601650 18479010461 110130330036
1791382124.539907206 18479011336 110130371948
1791382125.553683772 18479012172 110130412772
1791382126.568585197 18479013179 110130452478
1791382127.583017336 18479014108 110130496542
1791382128.596805837 18479014940 110130538987
1791382129.611109851 18479015826 110130578863
1791382130.628185418 18479016742 110130644678
1791382131.642526974 18479017580 110130665494
1791382132.658377592 18479018436 110130734642
1791382133.671913282 18479019337 110130753360
1791382134.686610653 18479020140 110130815458
1791382135.700702178 18479021017 110130836954
1791382136.715060913 18479021863 110130900065
1791382137.729953533 18479022911 110130924960
1791382138.745453830 18479023692 110130996118
1791382139.760244978 18479024512 110131017642
1791382140.774657843 18479025385 110131086417
1791382141.790032946 18479026319 110131107358
1791382142.811389302 18479027311 110131221338
1791382143.830581548 18479028134 110131260003
1791382144.846279616 18479029107 110131306166
1791382145.863096723 18479030106 110131345135
1791382146.880475439 18479031329 110131392845
1791382147.895117489 18479032191 110131435150
1791382148.910406024 18479033164 110131485673
1791382149.927449147 18479033995 110131524897
1791382150.948974049 18479035125 110131581147
1791382151.964521319 18479036147 110131622960
1791382152.980403125 18479037070 110131677265
1791382153.995001360 18479038009 110131722657
1791382155.010668778 18479038893 110131771062
1791382156.026277282 18479039802 110131807198
1791382157.042018510 18479040974 110131860150
1791382158.057602113 18479042039 110131908330
1791382159.072811175 18479043109 110131958428
1791382160.087854136 18479044064 110132005569
1791382161.106413100 18479045657 110132053286
1791382162.130770237 18479528739 110132123282
1791382163.152103493 18480536977 110132171040
1791382164.167532947 18481556863 110132758491
1791382165.192067478 18482573381 110134319405
1791382166.207424362 18483576837 110136238996
1791382167.222733968 18484591059 110138257550
1791382168.246440843 18485606444 110140326372
1791382169.270673754 18486631048 110142173182
1791382170.288190820 18487650647 110144667019
1791382171.303533327 18488667120 110146717723
1791382172.317904447 18489681852 110148739334
1791382173.335809539 18490660175 110150731877
1791382174.352248921 18491671877 110152675811
1791382175.366511956 18492677831 110153400758
1791382176.380946856 18493389794 110153621465
1791382177.395460209 18493390950 110153653569
1791382178.414844707 18493391652 110153711153
1791382179.432380183 18493392627 110153737393
1791382180.447038413 18493393551 110153817745
1791382181.463592343 18493394487 110153863302
1791382182.478739043 18493395449 110153912807
1791382183.494566446 18493396637 110153958568
1791382184.509312450 18493397527 110153999518
1791382185.522567112 18493398767 110154041623
1791382186.535922315 18493400150 110154081073
1791382187.550262836 18493400999 110154127420
1791382188.566517350 18493402152 110154169738
1791382189.581018458 18493402966 110154210203
1791382190.596782023 18493403838 110154250082
1791382191.611627017 18493405077 110154300899
1791382192.626942156 18493406753 110154356625
1791382193.641468135 18493407591 110154399714
1791382194.660199416 18493408492 110154443126
1791382195.675479658 18493409188 110154485022
1791382196.690259773 18493410082 110154548545
1791382197.706234167 18493411008 110154573009
1791382198.719500470 18493411898 110154642023
1791382199.738284853 18493412885 110154667740
1791382200.756808944 18493414051 110154838086
1791382201.788294076 18493415500 110154940595
1791382202.830502601 18493417597 110155139221
1791382203.855457061 18493418558 110155187600
1791382204.873519179 18493419960 110155335279
1791382205.908248704 18493420698 110155423820
1791382206.928656500 18493421670 110155495788
1791382207.947315703 18493422499 110155540773
1791382208.968669470 18493423438 110155592135
1791382210.004059366 18494074576 110155654214
1791382211.042743710 18495084302 110155969828
1791382212.068313516 18496134865 110156659048
1791382213.085091688 18497146804 110158062129
1791382214.103745658 18498165329 110159957934
1791382215.131829635 18499175608 110162039314
1791382216.161390830 18500175295 110164137996
1791382217.190845265 18501197118 110166072488
1791382218.225271354 18502192925 110168521445
1791382219.252187027 18503219342 110170620879
1791382220.271424159 18504228690 110172585905
1791382221.295273816 18505240879 110174657439
1791382222.314780537 18506251327 110176721838
1791382223.337681667 18507266894 110177682457
1791382224.357236825 18508265165 110178118264
1791382225.377946116 18508981190 110178373334
1791382226.394055626 18509295079 110179408386
1791382227.411969664 18510274835 110181375462
1791382228.426830861 18511289038 110183488223
1791382229.444293657 18512303853 110185415017
1791382230.468029846 18513316242 110187499959
1791382231.488960670 18514350407 110189479283
1791382232.508411204 18515367300 110191578331
1791382233.529689069 18516312959 110193897905
1791382234.547086607 18517300717 110195898013
1791382235.561755317 18518295955 110197938081
1791382236.576803111 18519293243 110199394391
1791382237.591983308 18520286926 110199918372
1791382238.607116107 18521291550 110199988841
1791382239.622950901 18522305617 110200024942
1791382240.639807219 18523321387 110200098236
1791382241.658318611 18523542566 110201000291
1791382242.672887397 18523722561 110201680893
1791382243.687330039 18524513810 110203752267
1791382244.706396530 18525515815 110205662861
1791382245.723686444 18526527008 110207743121
1791382246.739509901 18527529092 110209592097
1791382247.755263596 18528530601 110211996470
1791382248.768990794 18529525547 110214060773
1791382249.782257634 18530517764 110216018773
1791382250.797174135 18531517797 110218107117
1791382251.812036554 18532532624 110220096087
1791382252.826266164 18533542173 110221010971
1791382253.840682047 18534556521 110221215654
1791382254.857998697 18535570062 110221278601
1791382255.872572528 18536586513 110221298257
1791382256.888112637 18537601196 110221360352
1791382257.909452704 18537855143 110221390346
1791382258.931683666 18537856410 110221481444
1791382259.947373752 18537857218 110221518846
1791382260.963563677 18537858456 110221612048
1791382261.986377154 18537859511 110221656789
1791382263.009038940 18537861162 110221813526
1791382264.030750913 18537864132 110221871047
1791382265.066720915 18538503745 110221945705
1791382266.090386856 18539536612 110222009140
1791382267.123583099 18540549755 110222461606
1791382268.144528537 18541559294 110223543431
1791382269.164049545 18542571959 110225345993
1791382270.193030062 18543586849 110227477237
1791382271.234717210 18544612072 110229533029
1791382272.261064597 18545658959 110231619244
1791382273.285030099 18546670797 110233739171
1791382274.304906054 18547687212 110235662030
1791382275.324770282 18548708824 110238145474
1791382276.346705121 18549720515 110240291899
1791382277.365646043 18550740917 110242352315
1791382278.383075590 18551659202 110244337398
1791382279.422644338 18552639574 110245906047
1791382280.454190943 18553684356 110246590812
1791382281.476868081 18554099894 110246639712
1791382282.502355076 18554100858 110247201748
1791382283.540015429 18554873490 110248623057
1791382284.566795157 18555871461 110250772806
1791382285.596456041 18556890232 110252621578
1791382286.614000159 18557904525 110254730866
1791382287.635045036 18558924632 110256651470
1791382288.655456844 18559942446 110258676351
1791382289.707317851 18560969671 110261169941
1791382290.749300047 18562009956 110263350757
1791382291.767027800 18563038835 110265302971
1791382292.800816258 18564035964 110267405226
1791382293.815959679 18565038549 110269193781
1791382294.838664909 18566052696 110270527394
1791382295.857203022 18567074287 110271117311
1791382296.893871552 18568097708 110271118835
1791382297.931454251 18569129266 110271557168
1791382298.952433769 18569439020 110272597146
1791382299.973309917 18569862952 110274632234
1791382300.993263879 18570852447 110276669970
1791382302.020611116 18571880415 110278548011
1791382303.063815122 18572903125 110280643612
1791382304.083252021 18573932589 110282569349
1791382305.119411437 18574948861 110284930587
1791382306.133540695 18575975558 110287184107
1791382307.156251820 18576973565 110289232067
1791382308.184321277 18577969004 110291247640
1791382309.205406331 18578978456 110292340345
1791382310.220255552 18579993849 110292864550
1791382311.237320069 18581009885 110292867938
1791382312.260509268 18582030321 110292880814
1791382313.299392390 18583063035 110292886527
1791382314.317480842 18584088965 110292893447
1791382315.338573747 18584325623 110292897017
1791382316.375621966 18584326662 110292902307
1791382317.390352657 18584330322 110292914660
1791382318.406897562 18584331236 110292948671
1791382319.423220393 18584332171 110292952193
1791382320.455621564 18584333204 110292957390
1791382321.487500886 18584336898 110292968633
1791382322.514881881 18584339035 110292988168
1791382323.543232998 18584340498 110292996661
1791382324.562649350 18584341466 110293070433
1791382325.578139036 18584342636 110293127067
1791382326.595372535 18584344109 110293199519
1791382327.611240550 18584345182 110293263782
1791382328.627309133 18584346459 110293337189
1791382329.644900368 18584347591 110293382805
1791382330.669410277 18584348674 110293427382
1791382331.684188548 18584350234 110293475929
1791382332.699613443 18584351133 110293525324
1791382333.713919975 18584352255 110293570015
1791382334.727372343 18584353134 110293612134
1791382335.741649171 18584353953 110293654073
1791382336.756346790 18584354870 110293720846
1791382337.771325830 18584355823 110293748293
1791382338.784708871 18584356682 110293808800
1791382339.800080451 18584357588 110293829792
1791382340.817579872 18584358461 110293892478
1791382341.834482019 18584359284 110293915750
1791382342.850438627 18584360437 110293993364
1791382343.866688940 18584361292 110294014424
1791382344.882976733 18584362061 110294082442
1791382345.898571973 18584362914 110294102509
1791382346.914027865 18584363798 110294166401
1791382347.928679025 18584364507 110294192340
1791382348.944980408 18584365426 110294259800
1791382349.960025826 18584366354 110294296946
1791382350.974669759 18584367100 110294343204
1791382351.990394095 18584367995 110294379706
1791382353.005202449 18584368849 110294430554
1791382354.021271492 18584370240 110294465997
1791382355.034707420 18584371155 110294515089
1791382356.048654010 18584372061 110294550350
1791382357.062696206 18584373088 110294604031
1791382358.077834619 18584373983 110294640106
1791382359.104224283 18584375423 110294687930
1791382360.125581420 18584376371 110294729781
1791382361.141533089 18584377291 110294781068
1791382362.156434448 18584378135 110294823689
1791382363.170643840 18584379036 110294871025
1791382364.189228069 18584380046 110294916395
1791382365.207847382 18584381355 110294978626
1791382366.236051003 18584382778 110295098307
1791382367.274741186 18584384865 110295205087
1791382368.308861971 18584387791 110295302876
1791382369.351943098 18584392809 110295454337
1791382370.394549251 18584394620 110295643293
1791382371.426744887 18584395747 110295759306
1791382372.463379116 18584396808 110296010398
1791382373.502871706 18584398204 110296117730
1791382374.524803514 18584401871 110296472681
1791382375.542247692 18584402842 110296506836
1791382376.564312589 18584403703 110296729116
1791382377.588394521 18584404784 110296856134
1791382378.607053900 18584405975 110296990166
1791382379.623735413 18584406915 110297057243
1791382380.648687390 18584407799 110297126927
1791382381.670219844 18584408979 110297177895
1791382382.702169523 18584411236 110297259732
1791382383.729678456 18584412453 110297319702
1791382384.760040880 18584413522 110297389800
1791382385.796655773 18584415043 110297496507
1791382386.828436411 18585027396 110297638520
1791382387.855206221 18585990905 110297693182
1791382388.874298672 18586993559 110297769851
1791382389.899751704 18588006542 110298639555
1791382390.917939243 18589022821 110300330188
1791382391.959619392 18590047000 110302212627
1791382392.990045620 18591084830 110304277786
1791382394.018524078 18592098862 110306366682
1791382395.035407829 18593121838 110308170734
1791382396.052360586 18594129072 110310425123
1791382397.071294603 18595125982 110312539936
1791382398.090254084 18596137954 110314554115
1791382399.119221563 18597151102 110316633959
1791382400.152945575 18598167672 110318721933
1791382401.170650999 18599170300 110320292194
1791382402.204690325 18600185934 110321091283
1791382403.227029204 18600709854 110321511484
1791382404.256062309 18600711040 110321584738
1791382405.283046270 18600711815 110321653664
1791382406.298902770 18600712833 110321705233
1791382407.317668095 18600713957 110321768778
1791382408.352397891 18600716195 110321876628
1791382409.377961689 18600717624 110321963066
1791382410.402402565 18600718566 110322030296
1791382411.419969913 18600719429 110322131691
